1573022496227459073
1573022494419611648
1573022489789300738
1573022486039564289
1573022485658103809
1573022482642108421
1573022477508280320
1573022477097132032
1573022476397056000
1573022476371730433
1573022475306545152
1573022473121312768
1573022470839406596
1573022469887512576
1573022469837164546
1573022469656809472
1573022468985573376
1573022466930262020
1573022466850844672
1573022466582392833
1573022451277221890
1573022451218665472
1573022449825992707
1573022446562713603
1573022443379228677
1573022438648320000
1573022438103085056
1573022437519679488
1573022434655178756
1573022432075870208
1573022430376828928
1573022428091105286
1573022427226861568
1573022421791170565
1573022415466233857
1573022410114465793
1573022407551500289
1573022406251540480
1573022405399875588
1573022404875542529
1573022403978203138
1573022401621008385
1573022401608437761
1573022399297191936
1573022397892272130
1573022396348796928
1573022394289119234
1573022393173508096
1573022392258940928
1573022385024172032
1573022378602504198
1573022377918664705
1573022376320704512
1573022374106173441
1573022373414141953
1573022370205519873
1573022369752678400
1573022369362415616
1573022369253396487
1573022369211645952
1573022367970111488
1573022364786634757
1573022362030809088
1573022361850609664
1573022358226362368
1573022351633002496
1573022349133488128
1573022343995494401
1573022342149799937
1573022340711317504
1573022339368787968
1573022338047778817
1573022332108546048
1573022331206877191
1573022321706962944
1573022319148429312
1573022318099664896
1573022317130797063
1573022316996743169
1573022316342149121
1573022314567966721
1573022314509520896
1573022314341748737
1573022314270277634
1573022313343340545
1573022313326718976
1573022311812415488
1573022311221002240
1573022311124459523
1573022309576806401
1573022309102673921
1573022308649893890
1573022308205268993
1573022307509043200
1573022305198182400
1573022302714961926
1573022300470845441
1573022297786564608
1573022297711050755
1573022297669124107
1573022293894242306
1573022292699119616
1573022288219348995
1573022285811924995
1573022284192698368
1573022281047089156
1573022277381541888
1573022277196779520
1573022276995485696
1573022276680908801
1573022272650203137
1573022270398042113
1573022267939995651
1573022263670104066
1573022257424777222
1573022257353723904
1573022255784726528
1573022255428390915
1573022254413193216
1573022251972280320
1573022251183902720
1573022249178857473
1573022249019473920
1573022245739454464
1573022242241486850
1573022240878493696
1573022239771049985
1573022239104155649
1573022237527007233
1573022237179154432
1573022236801306624
1573022233064538112
1573022230472433664
1573022230107267072
1573022229939748865
1573022225514758144
1573022220028616704
1573022219747610625
1573022218698866694
1573022217733951488
1573022217016860672
1573022216413118465
1573022216396103682
1573022213120217088
1573022209949708288
1573022202642964485
1573022195940474880
1573022193986011137
1573022193939791874
1573022193474215942
1573022191989362690
1573022188869136384
1573022186352377859
1573022185807134720
1573022185719009283
1573022183244300291
1573022181923196928
1573022180773863425
1573022177951363072
1573022176340475909
1573022176252395521
1573022174004256775
1573022173958119424
1573022170208509953
1573022170124615689
1573022165951082497
1573022163463979016
1573022162834710529
1573022160762724352
1573022160112582657
1573022159072542721
1573022158296694791
1573022157931630592
1573022156216205319
1573022156166172673
1573022152919580674
1573022151686639617
1573022149111009280
1573022147055869955
1573022147001327616
1573022146883981314
1573022144065421317
1573022141498462209
1573022140932186113
1573022140592492544
1573022139820621824
1573022139522981889
1573022139212615681
1573022134166773761
1573022133801951235
1573022133386723329
1573022126805848064
1573022123005988864
1573022121495764994
1573022120636198912
1573022118547443712
1573022118022815744
1573022113216200704
1573022111110569985
1573022111068667904
1573022110846713856
1573022109609365504
1573022109311406085
1573022107524468736
1573022105255686145
1573022104919969792
1573022103514845184
1573022102466473984
1573022102038323200
1573022098477486080
1573022096472838144
1573022095356960769
1573022095042351106
1573022091938779138
1573022091301244928
1573022090868965378
1573022089686093824
1573022088818229248
1573022086838247426
1573022084346920964
1573022082891649024
1573022082711126022
1573022082212171777
1573022081562083330
1573022081134239744
1573022079917735936
1573022074062491649
1573022070044520450
1573022069297934336
1573022068697964547
1573022066575478785
1573022066348916742
1573022066340773889
1573022066277752832
1573022065250037760
1573022064847486982
1573022064176422916
1573022063841148929
1573022059495555073
1573022057293660160
1573022055104118784
1573022054592696321
1573022051002363904
1573022050028904448
1573022042890424321
1573022042521305090
1573022040566759425
1573022040466112512
1573022038411087873
1573022036624039939
1573022034203926533
1573022032706818048
1573022031603503104
1573022030345437185
1573022028646739968
1573022027807694853
1573022027182743556
1573022026800955397
1573022026025078789
1573022025534214144
1573022024422854656
1573022022703190018
1573022021394792448
1573022019364470787
1573022018706063361
1573022017250816004
1573022016151916544
1573022016046866433
1573022014813736962
1573022009528721408
1573022007536631810
1573022006357872640
1573022005569396736
1573022005103837185
1573022004282003456
1573022004063903744
1573021998392950785
1573021992286134273
1573021990939947008
1573021988246921216
1573021986825326592
1573021983637647360
1573021976842702852
1573021975747887106
1573021973097185286
1573021971914399747
1573021971541266432
1573021970454941696
1573021968089190405
1573021966356938753
1573021964310302720
1573021963651616768
1573021959809540097
1573021958136012805
1573021957842685952
1573021957762727936
1573021955380449280
1573021953879056384
1573021948669460484
1573021948447277057
1573021942558359559
1573021940268220416
1573021936464310273
1573021934211649536
1573021922010464257
1573021921838497806
1573021921465212929
1573021920832139266
1573021920232353792
1573021916700364801
1573021916515995649
1573021916000129024
1573021915630936065
1573021914787880961
1573021911273070592
1573021910966976512
1573021910392139776
1573021909977112576
1573021907829530627
1573021905007038464
1573021900455878657
1573021897725542401
1573021897297899520
1573021896920006656
1573021896391950342
1573021894869237761
1573021892243759106
1573021890385510402
1573021890079518720
1573021889827594240
1573021889475514368
1573021881795751936
1573021879220449280
1573021877735460865
1573021877035212800
1573021875906965504
1573021875176873984
1573021874056986627
1573021872085954561
1573021867794841601
1573021867585282055
1573021860568211461
1573021860492898304
1573021856344539137
1573021846961852418
1573021841286959104
1573021840918061056
1573021838791376898
1573021837558272003
1573021836941885442
1573021836664766464
1573021836098445312
1573021835792293888
1573021833275875330
1573021832986652672
1573021832344702977
1573021832181346304
1573021831774470144
1573021826938466304
1573021826753626118
1573021826531430401
1573021826426585088
1573021825541574660
1573021819061547010
1573021819027787784
1573021816817602560
1573021814665740292
1573021813747191808
1573021813507993600
1573021813428604930
1573021812811874304
1573021812648448000
1573021811356352517
1573021809829715969
1573021809758420993
1573021809704071168
1573021805144440833
1573021798727385088
1573021798039527424
1573021790070349832
1573021788204068864
1573021785527930884
1573021784802463744
1573021781048295427
1573021781023232003
1573021777307045893
1573021773561753600
1573021767224168448
1573021766574051328
1573021763222511626
1573021762954334208
1573021758860533769
1573021758781005825
1573021756226428930
1573021755668660229
1573021753798000641
1573021749633064961
1573021748789927936
1573021747367923712
1573021745862377473
1573021741508710400
1573021740527243269
1573021736685248512
1573021724928806912
1573021724836532224
1573021724504883202
1573021724018360324
1573021722949066752
1573021722236026880
1573021721103302657
1573021720596066304
1573021719312625664
1573021715382554624
1573021708079931392
1573021706565963778
1573021704888193030
1573021704645144576
1573021704594530315
1573021703604948992
1573021702774493184
1573021699452203008
1573021698345115649
1573021695362859009
1573021693785694208
1573021690841665538
1573021690120261632
1573021688706760704
1573021686370295809
1573021681110880257
1573021676849209344
1573021675230318592
1573021668725133315
1573021668628434949
1573021668129181696
1573021667965575168
1573021666573254658
1573021663226363904
1573021661221240833
1573021660269133824
1573021658465464320
1573021650605740032
1573021649053437952
1573021647996858369
1573021644511408128
1573021642040778752
1573021641755484161
1573021640975343624
1573021640878804992
1573021639448698883
1573021634373750784
1573021633891258370
1573021633564098560
1573021632721031173
1573021631802675200
1573021630817005569
1573021629109522432
1573021628920905730
1573021623011057664
1573021623007027201
1573021620163182601
1573021619680935936
1573021617504260097
1573021616560541696
1573021615780077569
1573021614249504768
1573021614240849922
1573021612995387392
1573021611758096385
1573021610667577345
1573021610096869379
1573021607878168578
1573021605604708352
1573021604279468034
1573021603922907140
1573021601594892288
1573021595341561857
1573021594552881153
1573021585677733891
1573021585224900609
1573021584448782341
1573021579302555648
1573021578035609602
1573021577721290753
1573021577524158465
1573021577490276352
1573021575116472323
1573021574412005376
1573021573082402818
1573021573010935808
1573021572377501697
1573021569663881218
1573021569462726656
1573021567621419008
1573021565402329088
1573021564097945603
1573021562638417928
1573021562613399552
1573021562495811584
1573021561824722944
1573021560847343616
1573021558360129540
1573021558276521984
1573021557198573569
1573021556032389121
1573021554572955648
1573021553486594048
1573021549590097920
1573021548474245126
1573021544497963008
1573021544095580161
1573021541516079104
1573021540777881600
1573021539712536576
1573021538080768000
1573021533018427392
1573021530925195266
1573021530099163137
1573021529520369664
1573021528882483200
1573021528672948224
1573021525657223168
1573021521467281408
1573021519386529792
1573021518015119360
1573021516127764480
1573021515557531648
1573021513191653380
1573021512621244422
1573021512579301378
1573021511534911488
1573021509769375744
1573021508397682688
1573021507474931713
1573021507340537856
1573021505755168769
1573021505402929152
1573021504224530432
1573021503276228608
1573021502588346368
1573021500277399552
1573021499438424064
1573021495781113862
1573021493822631936
1573021491813584896
1573021490676736000
1573021489909338112
1573021485446348801
1573021483391033344
1573021479192907777
1573021477196402693
1573021476395048961
1573021476386906112
1573021476290281472
1573021470225203202
1573021468144836610
1573021467020709888
1573021466018598912
1573021464206475266
1573021462377955328
1573021462163857408
1573021458351071232
1573021456933560320
1573021454559494144
1573021453737402368
1573021452281868288
1573021449555689478
1573021444015112194
1573021442253688832
1573021441574031360
1573021437761306624
1573021435731353603
1573021434997362688
1573021432736796672
1573021429381095424
1573021426864590849
1573021425052618754
1573021419612827648
1573021419369529344
1573021417582592000
1573021409810739201
1573021407994605568
1573021406501441536
1573021406077632515
1573021398951464962
1573021395629395968
1573021394119819264
1573021391678574593
1573021389623365633
1573021387408777217
1573021379993157632
1573021379754164225
1573021379032760321
1573021377988554752
1573021376209948673
1573021375236808705
1573021374968659968
1573021371910836227
1573021370484551680
1573021368064565249
1573021365975756800
1573021362414931968
1573021359671627776
1573021357889159168
1573021354827296768
1573021351245451267
1573021348670345217
1573021343666544640
1573021343364386824
1573021342919954432
1573021337081315330
1573021333016829952
1573021332119363586
1573021331947495425
1573021329032646656
1573021328004698112
1573021326461263873
1573021326209490944
1573021325567967232
1573021320199417857
1573021318433439744
1573021317988769792
1573021309776248832
1573021306937016320
1573021306005901312
1573021304852299779
1573021303417757697
1573021298988810240
1573021296216375296
1573021292021817348
1573021291824795648
1573021289962512384
1573021288930676737
1573021283683540992
1573021282236600320
1573021280231628802
1573021277924642816
1573021276008071169
1573021265539244033
1573021263886516225
1573021262640717826
1573021260724178944
1573021260480712704
1573021257205166081
1573021248816574464
1573021244789768201
1573021244248969216
1573021239882530817
1573021237269467139
1573021236870844416
1573021235579351040
1573021235432357888
1573021233431601158
1573021233070936064
1573021231921893376
1573021228893605889
1573021225877905409
1573021223050612736
1573021222975475712
1573021221184233472
1573021221075447808
1573021219863027712
1573021219087355904
1573021218776944641
1573021213710073856
1573021204503470082
1573021202364375042
1573021202171445249
1573021200237924358
1573021198979633160
1573021196568109057
1573021193640329222
1573021191132139520
1573021190247092225
1573021189500538889
1573021189471145984
1573021187386626051
1573021186170429440
1573021185046093824
1573021184362512387
1573021181560528896
1573021176842301441
1573021176816816128
1573021176670167042
1573021175063916544
1573021168709541888
1573021167035813889
1573021165525794816
1573021159641305088
1573021158315900930
1573021155874992129
1573021154050453505
1573021153030963204
1573021150657253376
1573021150266859522
1573021148182446081
1573021144982110208
1573021143891869696
1573021140406132736
1573021137998876672
1573021135544934407
1573021132114239488
1573021131631726599
1573021126397231107
1573021121787617282
1573021121309736961
1573021121296838657
1573021120114073600
1573021120105684993
1573021115403771904
1573021112354603009
1573021107694850049
1573021106541297665
1573021104721076225
1573021103303577600
1573021102456147970
1573021101718142977
1573021095342772224
1573021093870313472
1573021093446795264
1573021090640957441
1573021088069844993
1573021088011153408
1573021087625056256
1573021087092310016
1573021085745946625
1573021085125160960
1573021084173348864
1573021081715228677
1573021076871065600
1573021076367491072
1573021076120117248
1573021075969015808
1573021074580815873
1573021073347575812
1573021069191045125
1573021068968996864
1573021065265049600
1573021061704486912
1573021061276663809
1573021060794318849
1573021058596327427
1573021058281586689
1573021058223013889
1573021058164064256
1573021057090560006
1573021055098277892
1573021050434002945
1573021049209380868
1573021044826177536
1573021044377780224
1573021042020593664
1573021036538466304
1573021033820753920
1573021031547248641
1573021031241064454
1573021026950291458
1573021026115784706
1573021025167622149
1573021021900505088
1573021020293722112
1573021015147528193
1573021012232634368
1573021006712737792
1573020999704268800
1573020999003811840
1573020995736182787
1573020995686105088
1573020994117271556
1573020992007348224
1573020989524525066
1573020985879576576
1573020982243368960
1573020974706049025
1573020974169346048
1573020968326512640
1573020966678036481
1573020961213153280
1573020957748432897
1573020953306697728
1573020952144871425
1573020949464879104
1573020948491632642
1573020943714340864
1573020943424823299
1573020934621265920
1573020927910354945
1573020923325808642
1573020921320947713
1573020921228566531
1573020921136291843
1573020918036955136
1573020916010868740
1573020914488430598
1573020904279646208
1573020903465697282
1573020902819864577
1573020899099516929
1573020894926086146
1573020894313811968
1573020891625267200
1573020891340066823
1573020887443705856
1573020885707264000
1573020885619216384
1573020885526642690
1573020882162925568
1573020880237899776
1573020877947604993
1573020875024375810
1573020873858187265
1573020865620492288
1573020862722228224
1573020861015068672
1573020860444987392
1573020858242985984
1573020855063429121
1573020848105168903
1573020843030245377
1573020838730907648
1573020835534757888
1573020832594632704
1573020830866542599
1573020829314678784
1573020828433895426
1573020828413075457
1573020826278010880
1573020821810978818
1573020817545637888
1573020815171485696
1573020813099683841
1573020812529094657
1573020811484696580
1573020809483919360
1573020808024584192
1573020804631203842
1573020801657442307
1573020798071226370
1573020797454745601
1573020796909506561
1573020796443828225
1573020796435546115
1573020794816544769
1573020791834398721
1573020790420815873
1573020788126629893
1573020787321507840
1573020785769431041
1573020785547288576
1573020785308012547
1573020782686519298
1573020781407240193
1573020777368231938
1573020777137553408
1573020770254594048
1573020768635600898
1573020766555324419
1573020765699514368
1573020763594330112
1573020761253609479
1573020760733634560
1573020759273914369
1573020751942144000
1573020745869172736
1573020743830540291
1573020742824099840
1573020741334958081
1573020739929866241
1573020738944204800
1573020737786503169
1573020736964669440
1573020735798476800
1573020733042839554
1573020732162211842
1573020730660356098
1573020729599205376
1573020716156567552
1573020712516067330
1573020712495099904
1573020710804619267
1573020710678691842
1573020707042127872
1573020706677600258
1573020703536074752
1573020703359729666
1573020701472202753
1573020701153452035
1573020699140280320
1573020691762405380
1573020689388404739
1573020688927293441
1573020688281378817
1573020681117499392
1573020677690605570
1573020676835119104
1573020676264546313
1573020673936703488
1573020673483894784
1573020673160916992
1573020671537446914
1573020665694670848
1573020660590321669
1573020659529109504
1573020657788526594
1573020654617640960
1573020652038225934
1573020647324020739
1573020640235364352
1573020636066492416
1573020631498690560
1573020629686689794
1573020623923974144
1573020621457457158
1573020618475315201
1573020615853973506
1573020613974917126
1573020613740220416
1573020612007989250
1573020607243235328
1573020605208838149
1573020604122664960
1573020602083876864
1573020598095298563
1573020594865844224
1573020593519312896
1573020592638291969
1573020590596042752
1573020587475206146
1573020585944301571
1573020585348694016
1573020582379229185
1573020581108523013
1573020580768522242
1573020580659478528
1573020579627687938
1573020579430547456
1573020579300524032
1573020574653509633
1573020573164179456
1573020572061433856
1573020570345771009
1573020567267168260
1573020566524760064
1573020564922716160
1573020564394213376
1573020564096421889
1573020561923772416
1573020561277685764
1573020555997069313
1573020555833491456
1573020555410014208
1573020555200061442
1573020554906345472
1573020554856120323
1573020554805886984
1573020554755309569
1573020552201375745
1573020549349081094
1573020548656947200
1573020545834422273
1573020544944914432
1573020544710090752
1573020543883702272
1573020543837773826
1573020543313448960
1573020541216333825
1573020539379101696
1573020539199037440
1573020534325280768
1573020533440102402
1573020517820407809
1573020517367533568
1573020510706884608
1573020497235021824
1573020488011751424
1573020486849683456
1573020484614201347
1573020481824825344
1573020481803911169
1573020479648055300
1573020479492919298
1573020478402355201
1573020478377279489
1573020477974581250
1573020474048712704
1573020472366997504
1573020470420639745
1573020467438444552
1573020464544452609
1573020460551389185
1573020460031561728
1573020459444375552
1573020457825337344
1573020454667063296
1573020453463117828
1573020453077192707
1573020450875113476
1573020450388680706
1573020450161991680
1573020446395604993
1573020444969426944
